#turns 
0
180937858
672056138
775434599
1085552372
1292393585
1318177604
1809366267
1835140740
1912701239
2016104712
2559008063
2869219796
2895050616
3515508817
3644729267
3722395297
3851804764
4549739016
4678847029
4808052377
5247491301
5454382832
5635547228
5687061227
5842400749
6100591544
6229829063
6333221574
6772664397
6979418442
7315533564
7341318160
7703234210
7832496375
8116786574
8297713257
8685411636
8866410294
9098931758
9176471899
9305760910
9486641644
9693432716
9822646694
10158549907
10546601178
10598287274
10779158711
11141001576
11166849528
11838644893
12304126829
12769499658
12924616223
13105596147
13209026320
13467515149
13493351787
14036251054
14087939694
14268777322
14398036477
14501524083
14527411227
14682678267
14863552471
15018482347
15121963762
15509739415
15638996673
15742390260
15819948223
16026750151
16440313912
16517850548
16569541564
16621288314
16802168854
17370779131
17655023231
17784497064
17836272950
17913591339
17965288821
18042982766
18327161109
18353011548
18533930838
18792514614
18818335328
18921767186
19231933266
19386862293
19438566502
19567950511
19645251754
19877914559
20239925449
20343260283
20498478320
20756901916
21765006853
21972134924
22152836363
22256154504
22359518861
22411501180
22514690435
22799059445
22979920016
23367806784
23393567854
23755655132
23988292958
24143460428
24582912211
24686320556
25099767950
25125665023
25151927887
25229035840
25513412768
25642887637
25668507651
26004513377
26211248360
26366496388
26728514319
26831724929
26960962198
26986864906
27012625472
27348562652
27607057341
27684582103
27839721499
27891400640
28072254016
28098147632
28304884253
28356649917
28537567253
28718443059
28744350524
29054561009
29080410221
29597549550
29985044397
30062591447
30321178476
30708804788
30786352822
31122603667
31510350915
31639521469
32027320623
32621832552
32751030793
33087096267
33190601638
33449473693
33630056934
33811038522
34043657050
34302224874
34353874387
34379960453
34690100409
34845074163
34870782857
34974253851
35129260015
36706131195
36990585572
37352209054
37584771457
37972450734
38205111969
38489603208
38851368289
39083962006
39264913013
39471803034
39807967382
40221482756
40402330767
40660846661
40919264829
41023021124
41281303303
41488073783
41669070882
42212158923
42599710791
42806377014
43400990582
43452703421
43685368878
43866386238
43918078893
44228273333
44977859569