   2437665.50 ,   1.88242790 ,       130.00
   2438334.50 ,   2.73230320 ,       130.00
   2438395.50 ,   2.80061350 ,       150.00
   2438486.50 ,   3.01861990 ,       150.00
   2438639.50 ,   3.31656300 ,       150.00
   2438761.50 ,   3.57558230 ,       150.00
   2438820.50 ,   3.75198960 ,       150.00
   2438942.50 ,   4.01011250 ,       150.00
   2439004.50 ,   4.19045550 ,       150.00
   2439126.50 ,   4.34852680 ,       300.00
   2439460.50 ,   5.21357660 ,       300.00
   2439887.50 ,   6.22020970 ,       300.00
   2441317.50 ,  10.03438170 ,          .00
   2441499.50 ,  11.03438170 ,          .00
   2441683.50 ,  12.03438170 ,          .00
   2442048.50 ,  13.03438170 ,          .00
   2442413.50 ,  14.03438170 ,          .00
   2442778.50 ,  15.03438170 ,          .00
   2443144.50 ,  16.03438170 ,          .00
   2443509.50 ,  17.03438170 ,          .00
   2443874.50 ,  18.03438170 ,          .00
   2444239.50 ,  19.03438170 ,          .00
   2444786.50 ,  20.03438170 ,          .00
   2445151.50 ,  21.03438170 ,          .00
   2445516.50 ,  22.03438170 ,          .00
   2446247.50 ,  23.03438170 ,          .00
   2447161.50 ,  24.03438170 ,          .00
   2447892.50 ,  25.03438170 ,          .00
   2448257.50 ,  26.03438170 ,          .00
   2448804.50 ,  27.03438170 ,          .00
   2449169.50 ,  28.03438170 ,          .00
   2449534.50 ,  29.03438170 ,          .00
   2450083.50 ,  30.03438170 ,          .00
   2450630.50 ,  31.03438170 ,          .00
   2451179.50 ,  32.03438170 ,          .00
   2453736.50 ,  33.03438170 ,          .00
   2454832.50 ,  34.03438170 ,          .00
   2456109.50 ,  35.03438170 ,          .00
   2457204.50 ,  36.03438170 ,          .00
   2457754.50 ,  37.03438170 ,          .00
   2600000.50 ,    .00000000 ,          .00

