 2457479.5 2457659.5 1.0
 2457479.5 -0.0084  0.4212 -0.08245
 2457480.5 -0.0081  0.4227 -0.08425
 2457481.5 -0.0075  0.4241 -0.08617
 2457482.5 -0.0064  0.4259 -0.08816
 2457483.5 -0.0047  0.4279 -0.09029
 2457484.5 -0.0026  0.4299 -0.09252
 2457485.5 -0.0008  0.4322 -0.09487
 2457486.5  0.0007  0.4347 -0.09726
 2457487.5  0.0021  0.4370 -0.09959
 2457488.5  0.0034  0.4390 -0.10172
 2457489.5  0.0046  0.4409 -0.10366
 2457490.5  0.0062  0.4427 -0.10547
 2457491.5  0.0077  0.4442 -0.10717
 2457492.5  0.0091  0.4457 -0.10877
 2457493.5  0.0105  0.4475 -0.11031
 2457494.5  0.0120  0.4496 -0.11191
 2457495.5  0.0137  0.4519 -0.11352
 2457496.5  0.0155  0.4541 -0.11514
 2457497.5  0.0170  0.4558 -0.11690
 2457498.5  0.0186  0.4568 -0.11864
 2457499.5  0.0203  0.4576 -0.12033
 2457500.5  0.0221  0.4587 -0.12197
 2457501.5  0.0240  0.4602 -0.12358
 2457502.5  0.0257  0.4618 -0.12513
 2457503.5  0.0270  0.4635 -0.12651
 2457504.5  0.0280  0.4653 -0.12779
 2457505.5  0.0289  0.4670 -0.12903
 2457506.5  0.0297  0.4685 -0.13032
 2457507.5  0.0306  0.4698 -0.13172
 2457508.5  0.0322  0.4709 -0.13319
 2457509.5  0.0345  0.4723 -0.13483
 2457510.5  0.0367  0.4740 -0.13656
 2457511.5  0.0386  0.4755 -0.13854
 2457512.5  0.0406  0.4768 -0.14067
 2457513.5  0.0423  0.4780 -0.14287
 2457514.5  0.0435  0.4791 -0.14501
 2457515.5  0.0449  0.4802 -0.14703
 2457516.5  0.0466  0.4815 -0.14889
 2457517.5  0.0484  0.4828 -0.15051
 2457518.5  0.0502  0.4841 -0.15205
 2457519.5  0.0522  0.4853 -0.15344
 2457520.5  0.0543  0.4863 -0.15484
 2457521.5  0.0564  0.4873 -0.15627
 2457522.5  0.0584  0.4882 -0.15781
 2457523.5  0.0605  0.4888 -0.15944
 2457524.5  0.0625  0.4891 -0.16114
 2457525.5  0.0645  0.4896 -0.16290
 2457526.5  0.0664  0.4903 -0.16465
 2457527.5  0.0680  0.4912 -0.16630
 2457528.5  0.0694  0.4921 -0.16786
 2457529.5  0.0704  0.4930 -0.16939
 2457530.5  0.0712  0.4936 -0.17084
 2457531.5  0.0725  0.4938 -0.17232
 2457532.5  0.0743  0.4942 -0.17377
 2457533.5  0.0764  0.4948 -0.17520
 2457534.5  0.0787  0.4955 -0.17657
 2457535.5  0.0809  0.4961 -0.17793
 2457536.5  0.0828  0.4965 -0.17940
 2457537.5  0.0850  0.4966 -0.18099
 2457538.5  0.0878  0.4965 -0.18274
 2457539.5  0.0904  0.4965 -0.18453
 2457540.5  0.0928  0.4966 -0.18635
 2457541.5  0.0951  0.4969 -0.18819
 2457542.5  0.0971  0.4972 -0.18994
 2457543.5  0.0988  0.4974 -0.19150
 2457544.5  0.1001  0.4975 -0.19287
 2457545.5  0.1015  0.4975 -0.19411
 2457546.5  0.1027  0.4978 -0.19518
 2457547.5  0.1037  0.4979 -0.19619
 2457548.5  0.1048  0.4977 -0.19720
 2457549.5  0.1061  0.4971 -0.19809
 2457550.5  0.1077  0.4963 -0.19904
 2457551.5  0.1096  0.4953 -0.19995
 2457552.5  0.1122  0.4943 -0.20084
 2457553.5  0.1152  0.4940 -0.20167
 2457554.5  0.1180  0.4945 -0.20248
 2457555.5  0.1208  0.4948 -0.20312
 2457556.5  0.1237  0.4945 -0.20364
 2457557.5  0.1262  0.4940 -0.20405
 2457558.5  0.1283  0.4932 -0.20439
 2457559.5  0.1304  0.4923 -0.20467
 2457560.5  0.1323  0.4915 -0.20486
 2457561.5  0.1343  0.4907 -0.20509
 2457562.5  0.1365  0.4902 -0.20547
 2457563.5  0.1387  0.4896 -0.20592
 2457564.5  0.1407  0.4890 -0.20654
 2457565.5  0.1426  0.4887 -0.20733
 2457566.5  0.1444  0.4881 -0.20830
 2457567.5  0.1465  0.4872 -0.20932
 2457568.5  0.1485  0.4863 -0.21042
 2457569.5  0.1504  0.4854 -0.21144
 2457570.5  0.1524  0.4844 -0.21241
 2457571.5  0.1543  0.4836 -0.21324
 2457572.5  0.1563  0.4828 -0.21393
 2457573.5  0.1583  0.4820 -0.21452
 2457574.5  0.1602  0.4813 -0.21503
 2457575.5  0.1623  0.4805 -0.21552
 2457576.5  0.1643  0.4797 -0.21603
 2457577.5  0.1662  0.4788 -0.21657
 2457578.5  0.1682  0.4779 -0.21715
 2457579.5  0.1701  0.4769 -0.21777
 2457580.5  0.1720  0.4759 -0.21842
 2457581.5  0.1739  0.4750 -0.21905
 2457582.5  0.1758  0.4740 -0.21963
 2457583.5  0.1777  0.4730 -0.22012
 2457584.5  0.1795  0.4720 -0.22049
 2457585.5  0.1813  0.4709 -0.22076
 2457586.5  0.1831  0.4698 -0.22094
 2457587.5  0.1848  0.4686 -0.22107
 2457588.5  0.1865  0.4675 -0.22119
 2457589.5  0.1883  0.4663 -0.22138
 2457590.5  0.1900  0.4651 -0.22169
 2457591.5  0.1917  0.4638 -0.22215
 2457592.5  0.1933  0.4626 -0.22278
 2457593.5  0.1949  0.4613 -0.22357
 2457594.5  0.1966  0.4600 -0.22447
 2457595.5  0.1981  0.4587 -0.22542
 2457596.5  0.1997  0.4573 -0.22634
 2457597.5  0.2012  0.4560 -0.22719
 2457598.5  0.2027  0.4546 -0.22794
 2457599.5  0.2042  0.4531 -0.22860
 2457600.5  0.2057  0.4517 -0.22921
 2457601.5  0.2071  0.4503 -0.22981
 2457602.5  0.2085  0.4488 -0.23044
 2457603.5  0.2099  0.4473 -0.23114
 2457604.5  0.2112  0.4458 -0.23192
 2457605.5  0.2125  0.4442 -0.23277
 2457606.5  0.2138  0.4426 -0.23364
 2457607.5  0.2150  0.4411 -0.23452
 2457608.5  0.2163  0.4395 -0.23538
 2457609.5  0.2174  0.4378 -0.23619
 2457610.5  0.2186  0.4362 -0.23693
 2457611.5  0.2197  0.4345 -0.23760
 2457612.5  0.2208  0.4329 -0.23819
 2457613.5  0.2219  0.4312 -0.23872
 2457614.5  0.2229  0.4295 -0.23922
 2457615.5  0.2240  0.4277 -0.23972
 2457616.5  0.2249  0.4260 -0.24028
 2457617.5  0.2259  0.4242 -0.24095
 2457618.5  0.2268  0.4225 -0.24177
 2457619.5  0.2276  0.4207 -0.24276
 2457620.5  0.2285  0.4189 -0.24391
 2457621.5  0.2293  0.4171 -0.24518
 2457622.5  0.2301  0.4153 -0.24649
 2457623.5  0.2308  0.4134 -0.24777
 2457624.5  0.2315  0.4116 -0.24894
 2457625.5  0.2322  0.4097 -0.24998
 2457626.5  0.2328  0.4079 -0.25089
 2457627.5  0.2334  0.4060 -0.25172
 2457628.5  0.2340  0.4041 -0.25251
 2457629.5  0.2345  0.4022 -0.25332
 2457630.5  0.2350  0.4003 -0.25419
 2457631.5  0.2355  0.3984 -0.25515
 2457632.5  0.2359  0.3965 -0.25619
 2457633.5  0.2363  0.3945 -0.25731
 2457634.5  0.2367  0.3926 -0.25847
 2457635.5  0.2370  0.3907 -0.25963
 2457636.5  0.2373  0.3887 -0.26078
 2457637.5  0.2376  0.3868 -0.26188
 2457638.5  0.2378  0.3848 -0.26293
 2457639.5  0.2380  0.3829 -0.26391
 2457640.5  0.2381  0.3809 -0.26485
 2457641.5  0.2382  0.3790 -0.26576
 2457642.5  0.2383  0.3770 -0.26669
 2457643.5  0.2383  0.3750 -0.26767
 2457644.5  0.2383  0.3731 -0.26876
 2457645.5  0.2383  0.3711 -0.26999
 2457646.5  0.2382  0.3691 -0.27142
 2457647.5  0.2381  0.3672 -0.27304
 2457648.5  0.2380  0.3652 -0.27482
 2457649.5  0.2378  0.3633 -0.27670
 2457650.5  0.2376  0.3613 -0.27858
 2457651.5  0.2374  0.3593 -0.28038
 2457652.5  0.2371  0.3574 -0.28205
 2457653.5  0.2368  0.3554 -0.28356
 2457654.5  0.2364  0.3535 -0.28496
 2457655.5  0.2360  0.3516 -0.28628
 2457656.5  0.2356  0.3496 -0.28759
 2457657.5  0.2351  0.3477 -0.28892
 2457658.5  0.2347  0.3458 -0.29033
 2457659.5  0.2341  0.3439 -0.29181
