 2457693.5 2457855.5 1.0
 2457693.5  0.1887  0.2825 -0.32383
 2457694.5  0.1873  0.2815 -0.32515
 2457695.5  0.1860  0.2804 -0.32641
 2457696.5  0.1850  0.2794 -0.32762
 2457697.5  0.1838  0.2790 -0.32887
 2457698.5  0.1820  0.2789 -0.33019
 2457699.5  0.1794  0.2787 -0.33167
 2457700.5  0.1764  0.2783 -0.33327
 2457701.5  0.1736  0.2777 -0.33499
 2457702.5  0.1714  0.2770 -0.33689
 2457703.5  0.1694  0.2764 -0.33894
 2457704.5  0.1674  0.2754 -0.34107
 2457705.5  0.1655  0.2743 -0.34323
 2457706.5  0.1635  0.2732 -0.34525
 2457707.5  0.1613  0.2722 -0.34710
 2457708.5  0.1589  0.2714 -0.34869
 2457709.5  0.1567  0.2708 -0.35009
 2457710.5  0.1550  0.2704 -0.35138
 2457711.5  0.1533  0.2702 -0.35263
 2457712.5  0.1510  0.2700 -0.35397
 2457713.5  0.1483  0.2695 -0.35534
 2457714.5  0.1460  0.2690 -0.35683
 2457715.5  0.1441  0.2686 -0.35834
 2457716.5  0.1426  0.2684 -0.35991
 2457717.5  0.1413  0.2684 -0.36146
 2457718.5  0.1402  0.2683 -0.36302
 2457719.5  0.1390  0.2685 -0.36451
 2457720.5  0.1370  0.2687 -0.36593
 2457721.5  0.1345  0.2683 -0.36721
 2457722.5  0.1321  0.2679 -0.36845
 2457723.5  0.1299  0.2674 -0.36969
 2457724.5  0.1280  0.2670 -0.37089
 2457725.5  0.1260  0.2668 -0.37212
 2457726.5  0.1242  0.2665 -0.37332
 2457727.5  0.1224  0.2663 -0.37465
 2457728.5  0.1208  0.2660 -0.37606
 2457729.5  0.1195  0.2657 -0.37755
 2457730.5  0.1187  0.2655 -0.37916
 2457731.5  0.1182  0.2656 -0.38091
 2457732.5  0.1181  0.2659 -0.38272
 2457733.5  0.1180  0.2663 -0.38453
 2457734.5  0.1176  0.2668 -0.38619
 2457735.5  0.1164  0.2672 -0.38771
 2457736.5  0.1147  0.2674 -0.38903
 2457737.5  0.1131  0.2674 -0.39026
 2457738.5  0.1118  0.2671 -0.39147
 2457739.5  0.1108  0.2666 -0.39273
 2457740.5  0.1097  0.2661 -0.39401
 2457741.5  0.1084  0.2659 -0.39526
 2457742.5  0.1064  0.2660 -0.39656
 2457743.5  0.1037  0.2659 -0.39784
 2457744.5  0.1008  0.2656 -0.39907
 2457745.5  0.0981  0.2652 -0.40038
 2457746.5  0.0956  0.2646 -0.40156
 2457747.5  0.0934  0.2645 -0.40264
 2457748.5  0.0913  0.2646 -0.40360
 2457749.5  0.0892  0.2646 -0.40450
 2457750.5  0.0869  0.2646 -0.40530
 2457751.5  0.0848  0.2642 -0.40614
 2457752.5  0.0830  0.2636 -0.40706
 2457753.5  0.0815  0.2632 -0.40785
 2457754.5  0.0806  0.2632  0.59117
 2457755.5  0.0804  0.2636  0.59006
 2457756.5  0.0804  0.2640  0.58885
 2457757.5  0.0801  0.2643  0.58750
 2457758.5  0.0789  0.2647  0.58600
 2457759.5  0.0769  0.2650  0.58445
 2457760.5  0.0751  0.2651  0.58284
 2457761.5  0.0737  0.2653  0.58129
 2457762.5  0.0724  0.2654  0.57984
 2457763.5  0.0710  0.2656  0.57851
 2457764.5  0.0693  0.2661  0.57732
 2457765.5  0.0673  0.2668  0.57615
 2457766.5  0.0652  0.2674  0.57500
 2457767.5  0.0631  0.2682  0.57383
 2457768.5  0.0612  0.2688  0.57263
 2457769.5  0.0594  0.2695  0.57142
 2457770.5  0.0577  0.2701  0.57026
 2457771.5  0.0561  0.2708  0.56917
 2457772.5  0.0545  0.2715  0.56814
 2457773.5  0.0529  0.2722  0.56719
 2457774.5  0.0514  0.2729  0.56632
 2457775.5  0.0500  0.2737  0.56550
 2457776.5  0.0486  0.2744  0.56468
 2457777.5  0.0473  0.2752  0.56387
 2457778.5  0.0460  0.2760  0.56305
 2457779.5  0.0448  0.2768  0.56220
 2457780.5  0.0436  0.2778  0.56127
 2457781.5  0.0423  0.2787  0.56025
 2457782.5  0.0410  0.2797  0.55910
 2457783.5  0.0396  0.2806  0.55780
 2457784.5  0.0383  0.2816  0.55635
 2457785.5  0.0370  0.2826  0.55477
 2457786.5  0.0357  0.2837  0.55313
 2457787.5  0.0345  0.2848  0.55149
 2457788.5  0.0332  0.2860  0.54991
 2457789.5  0.0320  0.2871  0.54842
 2457790.5  0.0308  0.2883  0.54704
 2457791.5  0.0296  0.2895  0.54576
 2457792.5  0.0284  0.2907  0.54452
 2457793.5  0.0273  0.2919  0.54328
 2457794.5  0.0262  0.2932  0.54198
 2457795.5  0.0251  0.2944  0.54058
 2457796.5  0.0240  0.2956  0.53908
 2457797.5  0.0230  0.2969  0.53752
 2457798.5  0.0220  0.2982  0.53592
 2457799.5  0.0211  0.2995  0.53432
 2457800.5  0.0202  0.3008  0.53276
 2457801.5  0.0193  0.3021  0.53128
 2457802.5  0.0184  0.3035  0.52988
 2457803.5  0.0176  0.3048  0.52856
 2457804.5  0.0167  0.3062  0.52733
 2457805.5  0.0159  0.3076  0.52616
 2457806.5  0.0152  0.3090  0.52501
 2457807.5  0.0144  0.3105  0.52382
 2457808.5  0.0137  0.3119  0.52254
 2457809.5  0.0130  0.3134  0.52113
 2457810.5  0.0123  0.3148  0.51955
 2457811.5  0.0117  0.3163  0.51779
 2457812.5  0.0111  0.3178  0.51587
 2457813.5  0.0105  0.3193  0.51387
 2457814.5  0.0099  0.3208  0.51184
 2457815.5  0.0094  0.3224  0.50987
 2457816.5  0.0089  0.3239  0.50801
 2457817.5  0.0084  0.3254  0.50628
 2457818.5  0.0080  0.3270  0.50467
 2457819.5  0.0076  0.3285  0.50314
 2457820.5  0.0072  0.3301  0.50162
 2457821.5  0.0069  0.3316  0.50006
 2457822.5  0.0066  0.3332  0.49843
 2457823.5  0.0063  0.3348  0.49670
 2457824.5  0.0060  0.3364  0.49490
 2457825.5  0.0058  0.3379  0.49306
 2457826.5  0.0056  0.3395  0.49121
 2457827.5  0.0054  0.3411  0.48941
 2457828.5  0.0053  0.3427  0.48768
 2457829.5  0.0052  0.3443  0.48604
 2457830.5  0.0051  0.3459  0.48450
 2457831.5  0.0050  0.3475  0.48304
 2457832.5  0.0050  0.3491  0.48166
 2457833.5  0.0050  0.3507  0.48031
 2457834.5  0.0051  0.3523  0.47895
 2457835.5  0.0052  0.3540  0.47754
 2457836.5  0.0053  0.3556  0.47603
 2457837.5  0.0054  0.3572  0.47437
 2457838.5  0.0056  0.3588  0.47254
 2457839.5  0.0057  0.3604  0.47054
 2457840.5  0.0060  0.3620  0.46840
 2457841.5  0.0062  0.3636  0.46620
 2457842.5  0.0065  0.3652  0.46403
 2457843.5  0.0068  0.3668  0.46196
 2457844.5  0.0071  0.3683  0.46005
 2457845.5  0.0075  0.3699  0.45828
 2457846.5  0.0079  0.3715  0.45663
 2457847.5  0.0083  0.3731  0.45503
 2457848.5  0.0088  0.3746  0.45342
 2457849.5  0.0093  0.3762  0.45177
 2457850.5  0.0098  0.3778  0.45005
 2457851.5  0.0103  0.3793  0.44826
 2457852.5  0.0109  0.3808  0.44642
 2457853.5  0.0115  0.3824  0.44456
 2457854.5  0.0121  0.3839  0.44274
 2457855.5  0.0128  0.3854  0.44098
